function data()
return {
	times = { 0, 83.333, 125, 166.667, 208.333, 250, 291.667, 333.333, 375, 416.667, 458.333, 500, 541.667, 583.333, 625, 666.667, 708.333, 750, 791.667, 833.333, 875, 916.667, 958.333, 1000, 1041.667, 1083.333, 1125, 1166.667, 1208.333, 1250, 1291.667, 1333.333, 1375, 1416.667, 1458.333, 1500, 1541.667, 1583.333, 1625, 1666.667, 1708.333, 1750, 1791.667, 1833.333, 1875, 1916.667, 1958.333, 2000, 2041.667, 2083.333, 2125, 2166.667, 2208.333, 2250, 2291.667, 2333.333, 2375, 2416.667, 2458.333, 2500, 2541.667, 2583.333, 2625, 2666.667, 2708.333, 2750, 2791.667, 2833.333, 2875, 2916.667, 2958.333, 3000, 3041.667, 3083.333, 3125, 3166.667, 3208.333, 3250, 3333.333, },
	transfs = {
		{ 1, 0, 0, 0, 0, 0.99999707937241, -0.0024112577084452, 0, 0, 0.0024112577084452, 0.99999707937241, 0, 0, 0, 0, 1, },
		{ 1, 0, 0, 0, 0, 0.99995422363281, -0.009563846513629, 0, 0, 0.009563846513629, 0.99995422363281, 0, 0, 0, 0, 1, },
		{ 1, 0, 0, 0, 0, 0.9997723698616, -0.021335000172257, 0, 0, 0.021335000172257, 0.9997723698616, 0, 0, 0, 0, 1, },
		{ 1, 0, 0, 0, 0, 0.99929291009903, -0.037598703056574, 0, 0, 0.037598703056574, 0.99929291009903, 0, 0, 0, 0, 1, },
		{ 1, 0, 0, 0, 0, 0.99830365180969, -0.058222305029631, 0, 0, 0.058222305029631, 0.99830365180969, 0, 0, 0, 0, 1, },
		{ 1, 0, 0, 0, 0, 0.99654430150986, -0.083062276244164, 0, 0, 0.083062276244164, 0.99654430150986, 0, 0, 0, 0, 1, },
		{ 1, 0, 0, 0, 0, 0.9937127828598, -0.11195930093527, 0, 0, 0.11195930093527, 0.9937127828598, 0, 0, 0, 0, 1, },
		{ 1, 0, 0, 0, 0, 0.98947072029114, -0.14473287761211, 0, 0, 0.14473287761211, 0.98947072029114, 0, 0, 0, 0, 1, },
		{ 1, 0, 0, 0, 0, 0.98345065116882, -0.1811757683754, 0, 0, 0.1811757683754, 0.98345065116882, 0, 0, 0, 0, 1, },
		{ 1, 0, 0, 0, 0, 0.97526276111603, -0.22104869782925, 0, 0, 0.22104869782925, 0.97526276111603, 0, 0, 0, 0, 1, },
		{ 1, 0, 0, 0, 0, 0.96450215578079, -0.26407501101494, 0, 0, 0.26407501101494, 0.96450215578079, 0, 0, 0, 0, 1, },
		{ 1, 0, 0, 0, 0, 0.95075750350952, -0.30993568897247, 0, 0, 0.30993568897247, 0.95075750350952, 0, 0, 0, 0, 1, },
		{ 1, 0, 0, 0, 0, 0.93361937999725, -0.35826629400253, 0, 0, 0.35826629400253, 0.93361937999725, 0, 0, 0, 0, 1, },
		{ 1, 0, 0, 0, 0, 0.91268986463547, -0.4086529314518, 0, 0, 0.4086529314518, 0.91268986463547, 0, 0, 0, 0, 1, },
		{ 1, 0, 0, 0, 0, 0.88759166002274, -0.46063113212585, 0, 0, 0.46063113212585, 0.88759166002274, 0, 0, 0, 0, 1, },
		{ 1, 0, 0, 0, 0, 0.85797905921936, -0.51368463039398, 0, 0, 0.51368463039398, 0.85797905921936, 0, 0, 0, 0, 1, },
		{ 1, 0, 0, 0, 0, 0.82354748249054, -0.56724727153778, 0, 0, 0.56724727153778, 0.82354748249054, 0, 0, 0, 0, 1, },
		{ 1, 0, 0, 0, 0, 0.78404414653778, -0.62070500850677, 0, 0, 0.62070500850677, 0.78404414653778, 0, 0, 0, 0, 1, },
		{ 1, 0, 0, 0, 0, 0.73927855491638, -0.673399746418, 0, 0, 0.673399746418, 0.73927855491638, 0, 0, 0, 0, 1, },
		{ 1, 0, 0, 0, 0, 0.68913072347641, -0.72463697195053, 0, 0, 0.72463697195053, 0.68913072347641, 0, 0, 0, 0, 1, },
		{ 1, 0, 0, 0, 0, 0.63356125354767, -0.7736924290657, 0, 0, 0.7736924290657, 0.63356125354767, 0, 0, 0, 0, 1, },
		{ 1, 0, 0, 0, 0, 0.57261848449707, -0.81982201337814, 0, 0, 0.81982201337814, 0.57261848449707, 0, 0, 0, 0, 1, },
		{ 1, 0, 0, 0, 0, 0.50644475221634, -0.86227238178253, 0, 0, 0.86227238178253, 0.50644475221634, 0, 0, 0, 0, 1, },
		{ 1, 0, 0, 0, 0, 0.43528121709824, -0.90029454231262, 0, 0, 0.90029454231262, 0.43528121709824, 0, 0, 0, 0, 1, },
		{ 1, 0, 0, 0, 0, 0.3594691157341, -0.93315690755844, 0, 0, 0.93315690755844, 0.3594691157341, 0, 0, 0, 0, 1, },
		{ 1, 0, 0, 0, 0, 0.27945259213448, -0.96015948057175, 0, 0, 0.96015948057175, 0.27945259213448, 0, 0, 0, 0, 1, },
		{ 1, 0, 0, 0, 0, 0.1957740932703, -0.98064893484116, 0, 0, 0.98064893484116, 0.1957740932703, 0, 0, 0, 0, 1, },
		{ 1, 0, 0, 0, 0, 0.10907150804996, -0.99403393268585, 0, 0, 0.99403393268585, 0.10907150804996, 0, 0, 0, 0, 1, },
		{ 1, 0, 0, 0, 0, 0.020070895552635, -0.99979853630066, 0, 0, 0.99979853630066, 0.020070895552635, 0, 0, 0, 0, 1, },
		{ 1, 0, 0, 0, 0, -0.070423416793346, -0.99751716852188, 0, 0, 0.99751716852188, -0.070423416793346, 0, 0, 0, 0, 1, },
		{ 1, 0, 0, 0, 0, -0.16154040396214, -0.98686611652374, 0, 0, 0.98686611652374, -0.16154040396214, 0, 0, 0, 0, 1, },
		{ 1, 0, 0, 0, 0, -0.25235694646835, -0.9676342010498, 0, 0, 0.9676342010498, -0.25235694646835, 0, 0, 0, 0, 1, },
		{ 1, 0, 0, 0, 0, -0.34191289544106, -0.93973165750504, 0, 0, 0.93973165750504, -0.34191289544106, 0, 0, 0, 0, 1, },
		{ 1, 0, 0, 0, 0, -0.4292294383049, -0.9031954407692, 0, 0, 0.9031954407692, -0.4292294383049, 0, 0, 0, 0, 1, },
		{ 1, 0, 0, 0, 0, -0.51332622766495, -0.85819351673126, 0, 0, 0.85819351673126, -0.51332622766495, 0, 0, 0, 0, 1, },
		{ 1, 0, 0, 0, 0, -0.59324312210083, -0.80502331256866, 0, 0, 0.80502331256866, -0.59324312210083, 0, 0, 0, 0, 1, },
		{ 1, 0, 0, 0, 0, -0.66805547475815, -0.7441114783287, 0, 0, 0.7441114783287, -0.66805547475815, 0, 0, 0, 0, 1, },
		{ 1, 0, 0, 0, 0, -0.73689669370651, -0.67600536346436, 0, 0, 0.67600536346436, -0.73689669370651, 0, 0, 0, 0, 1, },
		{ 1, 0, 0, 0, 0, -0.7989741563797, -0.60136532783508, 0, 0, 0.60136532783508, -0.7989741563797, 0, 0, 0, 0, 1, },
		{ 1, 0, 0, 0, 0, -0.85358470678329, -0.52095407247543, 0, 0, 0.52095407247543, -0.85358470678329, 0, 0, 0, 0, 1, },
		{ 1, 0, 0, 0, 0, -0.90013045072556, -0.4356204867363, 0, 0, 0.4356204867363, -0.90013045072556, 0, 0, 0, 0, 1, },
		{ 1, 0, 0, 0, 0, -0.9381291270256, -0.34628546237946, 0, 0, 0.34628546237946, -0.9381291270256, 0, 0, 0, 0, 1, },
		{ 1, 0, 0, 0, 0, -0.96722477674484, -0.253921687603, 0, 0, 0.253921687603, -0.96722477674484, 0, 0, 0, 0, 1, },
		{ 1, 0, 0, 0, 0, -0.98719197511673, -0.15953673422337, 0, 0, 0.15953673422337, -0.98719197511673, 0, 0, 0, 0, 1, },
		{ 1, 0, 0, 0, 0, -0.99794006347656, -0.064152210950851, 0, 0, 0.064152210950851, -0.99794006347656, 0, 0, 0, 0, 1, },
		{ 1, 0, 0, 0, 0, -0.99951261281967, 0.031216230243444, 0, 0, -0.031216230243444, -0.99951261281967, 0, 0, 0, 0, 1, },
		{ 1, 0, 0, 0, 0, -0.99208402633667, 0.12557572126389, 0, 0, -0.12557572126389, -0.99208402633667, 0, 0, 0, 0, 1, },
		{ 1, 0, 0, 0, 0, -0.97595304250717, 0.2179806381464, 0, 0, -0.2179806381464, -0.97595304250717, 0, 0, 0, 0, 1, },
		{ 1, 0, 0, 0, 0, -0.95153450965881, 0.30754202604294, 0, 0, -0.30754202604294, -0.95153450965881, 0, 0, 0, 0, 1, },
		{ 1, 0, 0, 0, 0, -0.91934716701508, 0.39344733953476, 0, 0, -0.39344733953476, -0.91934716701508, 0, 0, 0, 0, 1, },
		{ 1, 0, 0, 0, 0, -0.88000071048737, 0.47497221827507, 0, 0, -0.47497221827507, -0.88000071048737, 0, 0, 0, 0, 1, },
		{ 1, 0, 0, 0, 0, -0.83418172597885, 0.55148965120316, 0, 0, -0.55148965120316, -0.83418172597885, 0, 0, 0, 0, 1, },
		{ 1, 0, 0, 0, 0, -0.78263634443283, 0.62247920036316, 0, 0, -0.62247920036316, -0.78263634443283, 0, 0, 0, 0, 1, },
		{ 1, 0, 0, 0, 0, -0.72615498304367, 0.68753093481064, 0, 0, -0.68753093481064, -0.72615498304367, 0, 0, 0, 0, 1, },
		{ 1, 0, 0, 0, 0, -0.66555535793304, 0.74634850025177, 0, 0, -0.74634850025177, -0.66555535793304, 0, 0, 0, 0, 1, },
		{ 1, 0, 0, 0, 0, -0.60166656970978, 0.79874730110168, 0, 0, -0.79874730110168, -0.60166656970978, 0, 0, 0, 0, 1, },
		{ 1, 0, 0, 0, 0, -0.53531390428543, 0.84465312957764, 0, 0, -0.84465312957764, -0.53531390428543, 0, 0, 0, 0, 1, },
		{ 1, 0, 0, 0, 0, -0.4673053920269, 0.88409596681595, 0, 0, -0.88409596681595, -0.4673053920269, 0, 0, 0, 0, 1, },
		{ 1, 0, 0, 0, 0, -0.39841592311859, 0.91720485687256, 0, 0, -0.91720485687256, -0.39841592311859, 0, 0, 0, 0, 1, },
		{ 1, 0, 0, 0, 0, -0.32938063144684, 0.94419717788696, 0, 0, -0.94419717788696, -0.32938063144684, 0, 0, 0, 0, 1, },
		{ 1, 0, 0, 0, 0, -0.26088410615921, 0.96537005901337, 0, 0, -0.96537005901337, -0.26088410615921, 0, 0, 0, 0, 1, },
		{ 1, 0, 0, 0, 0, -0.1935521364212, 0.98109000921249, 0, 0, -0.98109000921249, -0.1935521364212, 0, 0, 0, 0, 1, },
		{ 1, 0, 0, 0, 0, -0.12794716656208, 0.99178093671799, 0, 0, -0.99178093671799, -0.12794716656208, 0, 0, 0, 0, 1, },
		{ 1, 0, 0, 0, 0, -0.064568132162094, 0.99791324138641, 0, 0, -0.99791324138641, -0.064568132162094, 0, 0, 0, 0, 1, },
		{ 1, 0, 0, 0, 0, -0.0038461275398731, 0.99999260902405, 0, 0, -0.99999260902405, -0.0038461275398731, 0, 0, 0, 0, 1, },
		{ 1, 0, 0, 0, 0, 0.053856067359447, 0.99854868650436, 0, 0, -0.99854868650436, 0.053856067359447, 0, 0, 0, 0, 1, },
		{ 1, 0, 0, 0, 0, 0.10823678225279, 0.99412512779236, 0, 0, -0.99412512779236, 0.10823678225279, 0, 0, 0, 0, 1, },
		{ 1, 0, 0, 0, 0, 0.15905743837357, 0.98726934194565, 0, 0, -0.98726934194565, 0.15905743837357, 0, 0, 0, 0, 1, },
		{ 1, 0, 0, 0, 0, 0.20612694323063, 0.97852528095245, 0, 0, -0.97852528095245, 0.20612694323063, 0, 0, 0, 0, 1, },
		{ 1, 0, 0, 0, 0, 0.24931293725967, 0.96842294931412, 0, 0, -0.96842294931412, 0.24931293725967, 0, 0, 0, 0, 1, },
		{ 1, 0, 0, 0, 0, 0.28851756453514, 0.95747458934784, 0, 0, -0.95747458934784, 0.28851756453514, 0, 0, 0, 0, 1, },
		{ 1, 0, 0, 0, 0, 0.32368093729019, 0.94616627693176, 0, 0, -0.94616627693176, 0.32368093729019, 0, 0, 0, 0, 1, },
		{ 1, 0, 0, 0, 0, 0.35476717352867, 0.93495464324951, 0, 0, -0.93495464324951, 0.35476717352867, 0, 0, 0, 0, 1, },
		{ 1, 0, 0, 0, 0, 0.381761521101, 0.92426079511642, 0, 0, -0.92426079511642, 0.381761521101, 0, 0, 0, 0, 1, },
		{ 1, 0, 0, 0, 0, 0.40465834736824, 0.91446787118912, 0, 0, -0.91446787118912, 0.40465834736824, 0, 0, 0, 0, 1, },
		{ 1, 0, 0, 0, 0, 0.42345175147057, 0.90591859817505, 0, 0, -0.90591859817505, 0.42345175147057, 0, 0, 0, 0, 1, },
		{ 1, 0, 0, 0, 0, 0.43813559412956, 0.89890891313553, 0, 0, -0.89890891313553, 0.43813559412956, 0, 0, 0, 0, 1, },
		{ 1, 0, 0, 0, 0, 0.44868811964989, 0.89368838071823, 0, 0, -0.89368838071823, 0.44868811964989, 0, 0, 0, 0, 1, },
		{ 1, 0, 0, 0, 0, 0.45721414685249, 0.88935661315918, 0, 0, -0.88935661315918, 0.45721414685249, 0, 0, 0, 0, 1, },
	},
}
end
