function data()
return {
	times = { 0, 83.333, 125, 166.667, 208.333, 250, 291.667, 333.333, 375, 416.667, 458.333, 500, 541.667, 583.333, 625, 666.667, 708.333, 750, 791.667, 833.333, 875, 916.667, 958.333, 1000, 1041.667, 1083.333, 1125, 1166.667, 1208.333, 1250, 1291.667, 1333.333, 1375, 1416.667, 1458.333, 1500, 1541.667, 1583.333, 1625, 1666.667, 1708.333, 1750, 1791.667, 1833.333, 1875, 1916.667, 1958.333, 2000, 2041.667, 2083.333, 2125, 2166.667, 2208.333, 2250, 2291.667, 2333.333, 2375, 2416.667, 2458.333, 2500, 2541.667, 2583.333, 2625, 2666.667, 2708.333, 2750, 2791.667, 2833.333, 2875, 2916.667, 2958.333, 3000, 3041.667, 3083.333, 3125, 3166.667, 3208.333, 3250, 3333.333, },
	transfs = {
		{ 1, 0, 0, 0, 0, 1, 0, 0, 0, 0, 1, 0, 0, 0, 0, 1, },
		{ 1, 0, 0, 0, 0, 0.99999976158142, -0.00058175285812467, 0, 0, 0.00058175285812467, 0.99999976158142, 0, 0, 0, 0, 1, },
		{ 1, 0, 0, 0, 0, 0.99999725818634, -0.0023072054609656, 0, 0, 0.0023072054609656, 0.99999725818634, 0, 0, 0, 0, 1, },
		{ 1, 0, 0, 0, 0, 0.99998676776886, -0.0051466347649693, 0, 0, 0.0051466347649693, 0.99998676776886, 0, 0, 0, 0, 1, },
		{ 1, 0, 0, 0, 0, 0.99995881319046, -0.0090702697634697, 0, 0, 0.0090702697634697, 0.99995881319046, 0, 0, 0, 0, 1, },
		{ 1, 0, 0, 0, 0, 0.99990123510361, -0.014048251323402, 0, 0, 0.014048251323402, 0.99990123510361, 0, 0, 0, 0, 1, },
		{ 1, 0, 0, 0, 0, 0.99979889392853, -0.020050570368767, 0, 0, 0.020050570368767, 0.99979889392853, 0, 0, 0, 0, 1, },
		{ 1, 0, 0, 0, 0, 0.99963414669037, -0.027046969160438, 0, 0, 0.027046969160438, 0.99963414669037, 0, 0, 0, 0, 1, },
		{ 1, 0, 0, 0, 0, 0.99938708543777, -0.035006944090128, 0, 0, 0.035006944090128, 0.99938708543777, 0, 0, 0, 0, 1, },
		{ 1, 0, 0, 0, 0, 0.9990359544754, -0.043899554759264, 0, 0, 0.043899554759264, 0.9990359544754, 0, 0, 0, 0, 1, },
		{ 1, 0, 0, 0, 0, 0.99855744838715, -0.053693477064371, 0, 0, 0.053693477064371, 0.99855744838715, 0, 0, 0, 0, 1, },
		{ 1, 0, 0, 0, 0, 0.99792695045471, -0.06435676664114, 0, 0, 0.06435676664114, 0.99792695045471, 0, 0, 0, 0, 1, },
		{ 1, 0, 0, 0, 0, 0.99711865186691, -0.075856953859329, 0, 0, 0.075856953859329, 0.99711865186691, 0, 0, 0, 0, 1, },
		{ 1, 0, 0, 0, 0, 0.99610620737076, -0.088160820305347, 0, 0, 0.088160820305347, 0.99610620737076, 0, 0, 0, 0, 1, },
		{ 1, 0, 0, 0, 0, 0.99486261606216, -0.1012344583869, 0, 0, 0.1012344583869, 0.99486261606216, 0, 0, 0, 0, 1, },
		{ 1, 0, 0, 0, 0, 0.99336045980453, -0.11504319310188, 0, 0, 0.11504319310188, 0.99336045980453, 0, 0, 0, 0, 1, },
		{ 1, 0, 0, 0, 0, 0.9915726184845, -0.12955141067505, 0, 0, 0.12955141067505, 0.9915726184845, 0, 0, 0, 0, 1, },
		{ 1, 0, 0, 0, 0, 0.98947221040726, -0.14472271502018, 0, 0, 0.14472271502018, 0.98947221040726, 0, 0, 0, 0, 1, },
		{ 1, 0, 0, 0, 0, 0.9870325922966, -0.16051985323429, 0, 0, 0.16051985323429, 0.9870325922966, 0, 0, 0, 0, 1, },
		{ 1, 0, 0, 0, 0, 0.98422801494598, -0.17690466344357, 0, 0, 0.17690466344357, 0.98422801494598, 0, 0, 0, 0, 1, },
		{ 1, 0, 0, 0, 0, 0.98103350400925, -0.19383804500103, 0, 0, 0.19383804500103, 0.98103350400925, 0, 0, 0, 0, 1, },
		{ 1, 0, 0, 0, 0, 0.97742557525635, -0.21128013730049, 0, 0, 0.21128013730049, 0.97742557525635, 0, 0, 0, 0, 1, },
		{ 1, 0, 0, 0, 0, 0.97338163852692, -0.22919008135796, 0, 0, 0.22919008135796, 0.97338163852692, 0, 0, 0, 0, 1, },
		{ 1, 0, 0, 0, 0, 0.96888107061386, -0.24752658605576, 0, 0, 0.24752658605576, 0.96888107061386, 0, 0, 0, 0, 1, },
		{ 1, 0, 0, 0, 0, 0.96390479803085, -0.26624724268913, 0, 0, 0.26624724268913, 0.96390479803085, 0, 0, 0, 0, 1, },
		{ 1, 0, 0, 0, 0, 0.95843541622162, -0.28530937433243, 0, 0, 0.28530937433243, 0.95843541622162, 0, 0, 0, 0, 1, },
		{ 1, 0, 0, 0, 0, 0.95245808362961, -0.30466961860657, 0, 0, 0.30466961860657, 0.95245808362961, 0, 0, 0, 0, 1, },
		{ 1, 0, 0, 0, 0, 0.94595968723297, -0.32428419589996, 0, 0, 0.32428419589996, 0.94595968723297, 0, 0, 0, 0, 1, },
		{ 1, 0, 0, 0, 0, 0.93892973661423, -0.34410890936852, 0, 0, 0.34410890936852, 0.93892973661423, 0, 0, 0, 0, 1, },
		{ 1, 0, 0, 0, 0, 0.9313600063324, -0.36409968137741, 0, 0, 0.36409968137741, 0.9313600063324, 0, 0, 0, 0, 1, },
		{ 1, 0, 0, 0, 0, 0.92324483394623, -0.38421201705933, 0, 0, 0.38421201705933, 0.92324483394623, 0, 0, 0, 0, 1, },
		{ 1, 0, 0, 0, 0, 0.91458141803741, -0.4044017791748, 0, 0, 0.4044017791748, 0.91458141803741, 0, 0, 0, 0, 1, },
		{ 1, 0, 0, 0, 0, 0.90536934137344, -0.42462491989136, 0, 0, 0.42462491989136, 0.90536934137344, 0, 0, 0, 0, 1, },
		{ 1, 0, 0, 0, 0, 0.89561098814011, -0.44483807682991, 0, 0, 0.44483807682991, 0.89561098814011, 0, 0, 0, 0, 1, },
		{ 1, 0, 0, 0, 0, 0.88531178236008, -0.46499791741371, 0, 0, 0.46499791741371, 0.88531178236008, 0, 0, 0, 0, 1, },
		{ 1, 0, 0, 0, 0, 0.87447959184647, -0.48506233096123, 0, 0, 0.48506233096123, 0.87447959184647, 0, 0, 0, 0, 1, },
		{ 1, 0, 0, 0, 0, 0.86312520503998, -0.50499004125595, 0, 0, 0.50499004125595, 0.86312520503998, 0, 0, 0, 0, 1, },
		{ 1, 0, 0, 0, 0, 0.85126215219498, -0.52474051713943, 0, 0, 0.52474051713943, 0.85126215219498, 0, 0, 0, 0, 1, },
		{ 1, 0, 0, 0, 0, 0.83890694379807, -0.54427480697632, 0, 0, 0.54427480697632, 0.83890694379807, 0, 0, 0, 0, 1, },
		{ 1, 0, 0, 0, 0, 0.82607835531235, -0.56355518102646, 0, 0, 0.56355518102646, 0.82607835531235, 0, 0, 0, 0, 1, },
		{ 1, 0, 0, 0, 0, 0.81279820203781, -0.58254534006119, 0, 0, 0.58254534006119, 0.81279820203781, 0, 0, 0, 0, 1, },
		{ 1, 0, 0, 0, 0, 0.7990905046463, -0.60121065378189, 0, 0, 0.60121065378189, 0.7990905046463, 0, 0, 0, 0, 1, },
		{ 1, 0, 0, 0, 0, 0.7849817276001, -0.61951887607574, 0, 0, 0.61951887607574, 0.7849817276001, 0, 0, 0, 0, 1, },
		{ 1, 0, 0, 0, 0, 0.7705010175705, -0.63743871450424, 0, 0, 0.63743871450424, 0.7705010175705, 0, 0, 0, 0, 1, },
		{ 1, 0, 0, 0, 0, 0.75567948818207, -0.65494161844254, 0, 0, 0.65494161844254, 0.75567948818207, 0, 0, 0, 0, 1, },
		{ 1, 0, 0, 0, 0, 0.74055022001266, -0.6720010638237, 0, 0, 0.6720010638237, 0.74055022001266, 0, 0, 0, 0, 1, },
		{ 1, 0, 0, 0, 0, 0.72514849901199, -0.68859255313873, 0, 0, 0.68859255313873, 0.72514849901199, 0, 0, 0, 0, 1, },
		{ 1, 0, 0, 0, 0, 0.70951098203659, -0.70469433069229, 0, 0, 0.70469433069229, 0.70951098203659, 0, 0, 0, 0, 1, },
		{ 1, 0, 0, 0, 0, 0.69367676973343, -0.72028642892838, 0, 0, 0.72028642892838, 0.69367676973343, 0, 0, 0, 0, 1, },
		{ 1, 0, 0, 0, 0, 0.67768567800522, -0.73535168170929, 0, 0, 0.73535168170929, 0.67768567800522, 0, 0, 0, 0, 1, },
		{ 1, 0, 0, 0, 0, 0.66157877445221, -0.749875664711, 0, 0, 0.749875664711, 0.66157877445221, 0, 0, 0, 0, 1, },
		{ 1, 0, 0, 0, 0, 0.64539939165115, -0.76384526491165, 0, 0, 0.76384526491165, 0.64539939165115, 0, 0, 0, 0, 1, },
		{ 1, 0, 0, 0, 0, 0.62919068336487, -0.77725100517273, 0, 0, 0.77725100517273, 0.62919068336487, 0, 0, 0, 0, 1, },
		{ 1, 0, 0, 0, 0, 0.61299681663513, -0.7900852560997, 0, 0, 0.7900852560997, 0.61299681663513, 0, 0, 0, 0, 1, },
		{ 1, 0, 0, 0, 0, 0.59686315059662, -0.80234307050705, 0, 0, 0.80234307050705, 0.59686315059662, 0, 0, 0, 0, 1, },
		{ 1, 0, 0, 0, 0, 0.580835044384, -0.8140212893486, 0, 0, 0.8140212893486, 0.580835044384, 0, 0, 0, 0, 1, },
		{ 1, 0, 0, 0, 0, 0.56495845317841, -0.82511931657791, 0, 0, 0.82511931657791, 0.56495845317841, 0, 0, 0, 0, 1, },
		{ 1, 0, 0, 0, 0, 0.54927963018417, -0.83563858270645, 0, 0, 0.83563858270645, 0.54927963018417, 0, 0, 0, 0, 1, },
		{ 1, 0, 0, 0, 0, 0.53384482860565, -0.84558242559433, 0, 0, 0.84558242559433, 0.53384482860565, 0, 0, 0, 0, 1, },
		{ 1, 0, 0, 0, 0, 0.51869976520538, -0.85495644807816, 0, 0, 0.85495644807816, 0.51869976520538, 0, 0, 0, 0, 1, },
		{ 1, 0, 0, 0, 0, 0.50389075279236, -0.86376732587814, 0, 0, 0.86376732587814, 0.50389075279236, 0, 0, 0, 0, 1, },
		{ 1, 0, 0, 0, 0, 0.48946267366409, -0.87202423810959, 0, 0, 0.87202423810959, 0.48946267366409, 0, 0, 0, 0, 1, },
		{ 1, 0, 0, 0, 0, 0.4754621386528, -0.87973612546921, 0, 0, 0.87973612546921, 0.4754621386528, 0, 0, 0, 0, 1, },
		{ 1, 0, 0, 0, 0, 0.46193253993988, -0.8869149684906, 0, 0, 0.8869149684906, 0.46193253993988, 0, 0, 0, 0, 1, },
		{ 1, 0, 0, 0, 0, 0.44891884922981, -0.89357250928879, 0, 0, 0.89357250928879, 0.44891884922981, 0, 0, 0, 0, 1, },
		{ 1, 0, 0, 0, 0, 0.43646422028542, -0.8997215628624, 0, 0, 0.8997215628624, 0.43646422028542, 0, 0, 0, 0, 1, },
		{ 1, 0, 0, 0, 0, 0.42461067438126, -0.90537601709366, 0, 0, 0.90537601709366, 0.42461067438126, 0, 0, 0, 0, 1, },
		{ 1, 0, 0, 0, 0, 0.41340136528015, -0.91054886579514, 0, 0, 0.91054886579514, 0.41340136528015, 0, 0, 0, 0, 1, },
		{ 1, 0, 0, 0, 0, 0.40287697315216, -0.91525411605835, 0, 0, 0.91525411605835, 0.40287697315216, 0, 0, 0, 0, 1, },
		{ 1, 0, 0, 0, 0, 0.39307749271393, -0.91950529813766, 0, 0, 0.91950529813766, 0.39307749271393, 0, 0, 0, 0, 1, },
		{ 1, 0, 0, 0, 0, 0.38404229283333, -0.92331552505493, 0, 0, 0.92331552505493, 0.38404229283333, 0, 0, 0, 0, 1, },
		{ 1, 0, 0, 0, 0, 0.37580999732018, -0.92669671773911, 0, 0, 0.92669671773911, 0.37580999732018, 0, 0, 0, 0, 1, },
		{ 1, 0, 0, 0, 0, 0.36841827630997, -0.92966014146805, 0, 0, 0.92966014146805, 0.36841827630997, 0, 0, 0, 0, 1, },
		{ 1, 0, 0, 0, 0, 0.36190295219421, -0.93221569061279, 0, 0, 0.93221569061279, 0.36190295219421, 0, 0, 0, 0, 1, },
		{ 1, 0, 0, 0, 0, 0.35630032420158, -0.93437147140503, 0, 0, 0.93437147140503, 0.35630032420158, 0, 0, 0, 0, 1, },
		{ 1, 0, 0, 0, 0, 0.35164430737495, -0.93613368272781, 0, 0, 0.93613368272781, 0.35164430737495, 0, 0, 0, 0, 1, },
		{ 1, 0, 0, 0, 0, 0.3479685485363, -0.93750619888306, 0, 0, 0.93750619888306, 0.3479685485363, 0, 0, 0, 0, 1, },
		{ 1, 0, 0, 0, 0, 0.34530514478683, -0.93849039077759, 0, 0, 0.93849039077759, 0.34530514478683, 0, 0, 0, 0, 1, },
		{ 1, 0, 0, 0, 0, 0.34313878417015, -0.93928462266922, 0, 0, 0.93928462266922, 0.34313878417015, 0, 0, 0, 0, 1, },
	},
}
end
