function data()
return {
	times = { 0, 83.333, 125, 166.667, 208.333, 250, 291.667, 333.333, 375, 416.667, 458.333, 500, 541.667, 583.333, 625, 666.667, 708.333, 750, 791.667, 833.333, 875, 916.667, 958.333, 1000, 1041.667, 1083.333, 1125, 1166.667, 1208.333, 1250, 1291.667, 1333.333, 1375, 1416.667, 1458.333, 1500, 1541.667, 1583.333, 1625, 1666.667, 1708.333, 1750, 1791.667, 1833.333, 1875, 1916.667, 1958.333, 2000, 2041.667, 2083.333, 2125, 2166.667, 2208.333, 2250, 2291.667, 2333.333, 2375, 2416.667, 2458.333, 2500, 2541.667, 2583.333, 2625, 2666.667, 2708.333, 2750, 2791.667, 2833.333, 2875, 2916.667, 2958.333, 3000, 3041.667, 3083.333, 3125, 3166.667, 3208.333, 3250, 3333.333, },
	transfs = {
		{ 1, -5.6439749880305e-26, 0, 0, 2.7755575615629e-17, 0.99999725818634, -0.0023113472852856, 0, -7.105427357601e-15, 0.0023113472852856, 0.99999725818634, 0, 0, 0, 0, 1, },
		{ 1, 0, 0, 0, 0, 0.99995797872543, -0.0091675762087107, 0, 0, 0.0091675762087107, 0.99995797872543, 0, 0, 0, 0, 1, },
		{ 1, -2.0675188904799e-25, 0, 0, 1.1102230246252e-16, 0.99979078769684, -0.020451104268432, 0, 0, 0.020451104268432, 0.99979078769684, 0, 0, 0, 0, 1, },
		{ 1, 0, 0, 0, 2.2204460492503e-16, 0.99935030937195, -0.036041472107172, 0, -7.105427357601e-15, 0.036041472107172, 0.99935030937195, 0, 0, 0, 0, 1, },
		{ 1, 0, 0, 0, 0, 0.99844121932983, -0.055812403559685, 0, 0, 0.055812403559685, 0.99844121932983, 0, 0, 0, 0, 1, },
		{ 1, 1.8784217824464e-24, 0, 0, 4.4408920985006e-16, 0.99682462215424, -0.079628005623817, 0, -7.105427357601e-15, 0.079628005623817, 0.99682462215424, 0, 0, 0, 0, 1, },
		{ 1, 0, 0, 0, 0, 0.99422252178192, -0.1073385104537, 0, 0, 0.1073385104537, 0.99422252178192, 0, 0, 0, 0, 1, },
		{ 1, -1.6383534624021e-24, 0, 0, 8.8817841970013e-16, 0.99032390117645, -0.1387754380703, 0, 0, 0.1387754380703, 0.99032390117645, 0, 0, 0, 0, 1, },
		{ 1, 0, 0, 0, 0, 0.98479038476944, -0.1737467944622, 0, 0, 0.1737467944622, 0.98479038476944, 0, 0, 0, 0, 1, },
		{ 1, 3.2334909550487e-24, 0, 0, 1.7763568394003e-15, 0.97726267576218, -0.21203230321407, 0, 0, 0.21203230321407, 0.97726267576218, 0, 0, 0, 0, 1, },
		{ 1, -3.2007494803927e-24, 0, 0, 1.7763568394003e-15, 0.96736717224121, -0.25337865948677, 0, 0, 0.25337865948677, 0.96736717224121, 0, 0, 0, 0, 1, },
		{ 1, -3.1589142144366e-24, 0, 0, 1.7763568394003e-15, 0.95472323894501, -0.29749524593353, 0, 0, 0.29749524593353, 0.95472323894501, 0, 0, 0, 0, 1, },
		{ 1, -1.0766932936838e-23, 0, 0, 0, 0.93895095586777, -0.34405100345612, 0, -7.105427357601e-15, 0.34405100345612, 0.93895095586777, 0, 0, 0, 0, 1, },
		{ 1, 0, 0, 0, 3.5527136788005e-15, 0.9196789264679, -0.39267119765282, 0, 0, 0.39267119765282, 0.9196789264679, 0, 0, 0, 0, 1, },
		{ 1, -5.8622091912883e-24, 0, 0, 0, 0.89655321836472, -0.44293600320816, 0, 0, 0.44293600320816, 0.89655321836472, 0, 0, 0, 0, 1, },
		{ 1, 0, 0, 0, 3.5527136788005e-15, 0.86924630403519, -0.49437928199768, 0, 0, 0.49437928199768, 0.86924630403519, 0, 0, 0, 0, 1, },
		{ 1, 7.2327374738349e-24, 0, 0, 3.5527136788005e-15, 0.83746546506882, -0.54649019241333, 0, 0, 0.54649019241333, 0.83746546506882, 0, 0, 0, 0, 1, },
		{ 1, -5.300326839896e-24, 0, 0, 3.5527136788005e-15, 0.80096274614334, -0.59871405363083, 0, 0, 0.59871405363083, 0.80096274614334, 0, 0, 0, 0, 1, },
		{ 1, 1.3634959031209e-23, 0, 0, 0, 0.75954329967499, -0.6504567861557, 0, 0, 0.6504567861557, 0.75954329967499, 0, 0, 0, 0, 1, },
		{ 1, 1.8716288223055e-23, 0, 0, 0, 0.71307349205017, -0.70108932256699, 0, 0, 0.70108932256699, 0.71307349205017, 0, 0, 0, 0, 1, },
		{ 1, -3.7919597080888e-24, 0, 0, 0, 0.66148954629898, -0.74995440244675, 0, -3.5527136788005e-15, 0.74995440244675, 0.66148954629898, 0, 0, 0, 0, 1, },
		{ 1, -5.2699635836541e-24, 0, 0, 7.105427357601e-15, 0.60480397939682, -0.79637438058853, 0, -3.5527136788005e-15, 0.79637438058853, 0.60480397939682, 0, 0, 0, 0, 1, },
		{ 1, 0, 0, 0, 0, 0.54311180114746, -0.83966040611267, 0, -3.5527136788005e-15, 0.83966040611267, 0.54311180114746, 0, 0, 0, 0, 1, },
		{ 1, 0, 0, 0, 7.105427357601e-15, 0.4765941798687, -0.87912333011627, 0, -3.5527136788005e-15, 0.87912333011627, 0.4765941798687, 0, 0, 0, 0, 1, },
		{ 1, -6.0489096905878e-24, 0, 0, 0, 0.40552178025246, -0.91408538818359, 0, 0, 0.91408538818359, 0.40552178025246, 0, 0, 0, 0, 1, },
		{ 1, 6.2461493715811e-24, 0, 0, 7.105427357601e-15, 0.33025592565536, -0.94389140605927, 0, 0, 0.94389140605927, 0.33025592565536, 0, 0, 0, 0, 1, },
		{ 1, 0, 0, 0, 7.105427357601e-15, 0.25124713778496, -0.96792298555374, 0, 0, 0.96792298555374, 0.25124713778496, 0, 0, 0, 0, 1, },
		{ 1, -1.630556065392e-24, 0, 0, 7.105427357601e-15, 0.16903150081635, -0.98561066389084, 0, -8.8817841970013e-16, 0.98561066389084, 0.16903150081635, 0, 0, 0, 0, 1, },
		{ 1, 0, 0, 0, 0, 0.084227092564106, -0.99644660949707, 0, 0, 0.99644660949707, 0.084227092564106, 0, 0, 0, 0, 1, },
		{ 1, 0, 0, 0, 0, -0.0024748728610575, -0.99999690055847, 0, 1.3877787807814e-17, 0.99999690055847, -0.0024748728610575, 0, 0, 0, 0, 1, },
		{ 1, 0, 0, 0, 0, -0.090318903326988, -0.99591284990311, 0, 0, 0.99591284990311, -0.090318903326988, 0, 0, 0, 0, 1, },
		{ 1, 2.3623794675448e-24, 0, 0, 0, -0.17849634587765, -0.98394060134888, 0, 0, 0.98394060134888, -0.17849634587765, 0, 0, 0, 0, 1, },
		{ 1, 0, 0, 0, 7.105427357601e-15, -0.2661592066288, -0.96392899751663, 0, 0, 0.96392899751663, -0.2661592066288, 0, 0, 0, 0, 1, },
		{ 1, -1.085727013226e-23, 0, 0, 0, -0.35243386030197, -0.9358366727829, 0, 3.5527136788005e-15, 0.9358366727829, -0.35243386030197, 0, 0, 0, 0, 1, },
		{ 1, 0, 0, 0, 7.105427357601e-15, -0.43643632531166, -0.89973509311676, 0, 0, 0.89973509311676, -0.43643632531166, 0, 0, 0, 0, 1, },
		{ 1, 0, 0, 0, 0, -0.51728880405426, -0.85581082105637, 0, 3.5527136788005e-15, 0.85581082105637, -0.51728880405426, 0, 0, 0, 0, 1, },
		{ 1, 0, 0, 0, 7.105427357601e-15, -0.59413677453995, -0.8043640255928, 0, 0, 0.8043640255928, -0.59413677453995, 0, 0, 0, 0, 1, },
		{ 1, 1.3751936059401e-23, 0, 0, 0, -0.66616457700729, -0.74580472707748, 0, 0, 0.74580472707748, -0.66616457700729, 0, 0, 0, 0, 1, },
		{ 1, 9.0083040215845e-24, 0, 0, 3.5527136788005e-15, -0.73261034488678, -0.68064820766449, 0, 0, 0.68064820766449, -0.73261034488678, 0, 0, 0, 0, 1, },
		{ 1, -5.2461932324275e-24, 0, 0, 3.5527136788005e-15, -0.79278230667114, -0.60950487852097, 0, 0, 0.60950487852097, -0.79278230667114, 0, 0, 0, 0, 1, },
		{ 1, 0, 0, 0, 0, -0.84607154130936, -0.53306937217712, 0, 7.105427357601e-15, 0.53306937217712, -0.84607154130936, 0, 0, 0, 0, 1, },
		{ 1, 5.9836251397935e-24, 0, 0, 0, -0.89196217060089, -0.45210993289948, 0, 0, 0.45210993289948, -0.89196217060089, 0, 0, 0, 0, 1, },
		{ 1, 0, 0, 0, 0, -0.93004238605499, -0.36745226383209, 0, 0, 0.36745226383209, -0.93004238605499, 0, 0, 0, 0, 1, },
		{ 1, 0, 0, 0, 0, -0.96001064777374, -0.27996325492859, 0, 7.105427357601e-15, 0.27996325492859, -0.96001064777374, 0, 0, 0, 0, 1, },
		{ 1, 2.5217410060978e-24, 0, 0, 1.7763568394003e-15, -0.98167991638184, -0.19053736329079, 0, 7.105427357601e-15, 0.19053736329079, -0.98167991638184, 0, 0, 0, 0, 1, },
		{ 1, 0, 0, 0, 8.8817841970013e-16, -0.99497961997986, -0.10007783025503, 0, 0, 0.10007783025503, -0.99497961997986, 0, 0, 0, 0, 1, },
		{ 1, -1.0339292352238e-25, 0, 0, 5.5511151231258e-17, -0.99995499849319, -0.0094815101474524, 0, 0, 0.0094815101474524, -0.99995499849319, 0, 0, 0, 0, 1, },
		{ 1, -1.0638178806977e-24, 0, 0, 0, -0.99676430225372, 0.08037980645895, 0, 7.105427357601e-15, -0.08037980645895, -0.99676430225372, 0, 0, 0, 0, 1, },
		{ 1, 0, 0, 0, -8.8817841970013e-16, -0.9856721162796, 0.16867227852345, 0, 7.105427357601e-15, -0.16867227852345, -0.9856721162796, 0, 0, 0, 0, 1, },
		{ 1, -3.3698094721297e-24, 0, 0, -1.7763568394003e-15, -0.96704232692719, 0.25461560487747, 0, 7.105427357601e-15, -0.25461560487747, -0.96704232692719, 0, 0, 0, 0, 1, },
		{ 1, 0, 0, 0, 0, -0.94132816791534, 0.33749258518219, 0, 0, -0.33749258518219, -0.94132816791534, 0, 0, 0, 0, 1, },
		{ 1, 0, 0, 0, -3.5527136788005e-15, -0.90906077623367, 0.41666343808174, 0, 7.105427357601e-15, -0.41666343808174, -0.90906077623367, 0, 0, 0, 0, 1, },
		{ 1, -5.7627168706304e-24, 0, 0, -3.5527136788005e-15, -0.87083715200424, 0.49157148599625, 0, 0, -0.49157148599625, -0.87083715200424, 0, 0, 0, 0, 1, },
		{ 1, 0, 0, 0, 3.5527136788005e-15, -0.82730704545975, 0.56175005435944, 0, 0, -0.56175005435944, -0.82730704545975, 0, 0, 0, 0, 1, },
		{ 1, -8.2959855011362e-24, 0, 0, 0, -0.77915853261948, 0.62682694196701, 0, 0, -0.62682694196701, -0.77915853261948, 0, 0, 0, 0, 1, },
		{ 1, -9.6231493108619e-24, 0, 0, 0, -0.72710460424423, 0.68652659654617, 0, 7.105427357601e-15, -0.68652659654617, -0.72710460424423, 0, 0, 0, 0, 1, },
		{ 1, 1.3793472741505e-23, 0, 0, 0, -0.67187148332596, 0.74066776037216, 0, 0, -0.74066776037216, -0.67187148332596, 0, 0, 0, 0, 1, },
		{ 1, 0, 0, 0, 0, -0.61418443918228, 0.78916251659393, 0, 3.5527136788005e-15, -0.78916251659393, -0.61418443918228, 0, 0, 0, 0, 1, },
		{ 1, 0, 0, 0, 0, -0.55475467443466, 0.83201396465302, 0, 0, -0.83201396465302, -0.55475467443466, 0, 0, 0, 0, 1, },
		{ 1, 0, 0, 0, 0, -0.49427375197411, 0.86930626630783, 0, 3.5527136788005e-15, -0.86930626630783, -0.49427375197411, 0, 0, 0, 0, 1, },
		{ 1, 0, 0, 0, -7.105427357601e-15, -0.43339836597443, 0.9012023806572, 0, 3.5527136788005e-15, -0.9012023806572, -0.43339836597443, 0, 0, 0, 0, 1, },
		{ 1, 0, 0, 0, 0, -0.37274873256683, 0.92793226242065, 0, 0, -0.92793226242065, -0.37274873256683, 0, 0, 0, 0, 1, },
		{ 1, 0, 0, 0, -7.105427357601e-15, -0.31289771199226, 0.94978678226471, 0, 1.7763568394003e-15, -0.94978678226471, -0.31289771199226, 0, 0, 0, 0, 1, },
		{ 1, -3.1998888331451e-24, 0, 0, -7.105427357601e-15, -0.25436964631081, 0.96710705757141, 0, 0, -0.96710705757141, -0.25436964631081, 0, 0, 0, 0, 1, },
		{ 1, -6.2776392198034e-25, 0, 0, -7.105427357601e-15, -0.19763633608818, 0.98027539253235, 0, 1.7763568394003e-15, -0.98027539253235, -0.19763633608818, 0, 0, 0, 0, 1, },
		{ 1, -2.5680383158529e-25, 0, 0, 0, -0.14311677217484, 0.98970580101013, 0, 8.8817841970013e-16, -0.98970580101013, -0.14311677217484, 0, 0, 0, 0, 1, },
		{ 1, 0, 0, 0, -7.105427357601e-15, -0.091176480054855, 0.99583470821381, 0, 0, -0.99583470821381, -0.091176480054855, 0, 0, 0, 0, 1, },
		{ 1, 0, 0, 0, -7.105427357601e-15, -0.04213098436594, 0.99911206960678, 0, 0, -0.99911206960678, -0.04213098436594, 0, 0, 0, 0, 1, },
		{ 1, -4.9676503294687e-26, 0, 0, -7.105427357601e-15, 0.0037534504663199, 0.99999290704727, 0, 0, -0.99999290704727, 0.0037534504663199, 0, 0, 0, 0, 1, },
		{ 1, 8.2629526409834e-25, 0, 0, -7.105427357601e-15, 0.046254847198725, 0.99892967939377, 0, -4.4408920985006e-16, -0.99892967939377, 0.046254847198725, 0, 0, 0, 0, 1, },
		{ 1, 0, 0, 0, 0, 0.085188090801239, 0.99636483192444, 0, 0, -0.99636483192444, 0.085188090801239, 0, 0, 0, 0, 1, },
		{ 1, 4.8752633159621e-26, 0, 0, -7.105427357601e-15, 0.12040693312883, 0.99272459745407, 0, 0, -0.99272459745407, 0.12040693312883, 0, 0, 0, 0, 1, },
		{ 1, 1.6351915106787e-24, 0, 0, 0, 0.15179067850113, 0.98841261863708, 0, 0, -0.98841261863708, 0.15179067850113, 0, 0, 0, 0, 1, },
		{ 1, 2.3721950665732e-24, 0, 0, -7.105427357601e-15, 0.17923799157143, 0.98380565643311, 0, 0, -0.98380565643311, 0.17923799157143, 0, 0, 0, 0, 1, },
		{ 1, 5.5774689600802e-25, 0, 0, -7.105427357601e-15, 0.20266962051392, 0.97924715280533, 0, 0, -0.97924715280533, 0.20266962051392, 0, 0, 0, 0, 1, },
		{ 1, -2.8786599393737e-25, 0, 0, -7.105427357601e-15, 0.22201050817966, 0.97504425048828, 0, 0, -0.97504425048828, 0.22201050817966, 0, 0, 0, 0, 1, },
		{ 1, -3.2143019135292e-24, 0, 0, -7.105427357601e-15, 0.23719021677971, 0.97146314382553, 0, -1.7763568394003e-15, -0.97146314382553, 0.23719021677971, 0, 0, 0, 0, 1, },
		{ 1, 0, 0, 0, -7.105427357601e-15, 0.24813823401928, 0.96872460842133, 0, 0, -0.96872460842133, 0.24813823401928, 0, 0, 0, 0, 1, },
		{ 1, -3.1975798372755e-24, 0, 0, 0, 0.25700813531876, 0.96640920639038, 0, 0, -0.96640920639038, 0.25700813531876, 0, 0, 0, 0, 1, },
	},
}
end
